6.100000000000000000e+01
1.030000000000000000e+02
1.120000000000000000e+02
9.800000000000000000e+01
5.400000000000000000e+01
6.100000000000000000e+01
1.090000000000000000e+02
6.100000000000000000e+01
1.120000000000000000e+02
5.400000000000000000e+01
1.120000000000000000e+02
5.100000000000000000e+01
5.600000000000000000e+01
5.200000000000000000e+01
9.800000000000000000e+01
5.600000000000000000e+01
1.090000000000000000e+02
1.210000000000000000e+02
5.200000000000000000e+01
1.120000000000000000e+02
5.400000000000000000e+01
5.200000000000000000e+01
6.100000000000000000e+01
9.800000000000000000e+01
1.120000000000000000e+02
5.200000000000000000e+01
1.120000000000000000e+02
5.200000000000000000e+01
1.180000000000000000e+02
1.090000000000000000e+02
5.400000000000000000e+01
1.060000000000000000e+02
1.120000000000000000e+02
5.200000000000000000e+01
1.060000000000000000e+02
5.400000000000000000e+01
1.210000000000000000e+02
1.180000000000000000e+02
5.200000000000000000e+01
1.120000000000000000e+02
5.400000000000000000e+01
1.210000000000000000e+02
1.030000000000000000e+02
1.210000000000000000e+02
1.180000000000000000e+02
1.210000000000000000e+02
5.400000000000000000e+01
9.800000000000000000e+01
1.180000000000000000e+02
5.400000000000000000e+01
1.120000000000000000e+02
1.060000000000000000e+02
1.180000000000000000e+02
1.090000000000000000e+02
1.030000000000000000e+02
5.200000000000000000e+01
5.200000000000000000e+01
1.060000000000000000e+02
5.100000000000000000e+01
1.150000000000000000e+02
1.030000000000000000e+02
1.030000000000000000e+02
5.400000000000000000e+01
6.100000000000000000e+01
1.030000000000000000e+02
5.400000000000000000e+01
5.400000000000000000e+01
5.200000000000000000e+01
1.180000000000000000e+02
5.200000000000000000e+01
5.400000000000000000e+01
1.030000000000000000e+02
1.140000000000000000e+02
6.100000000000000000e+01
1.120000000000000000e+02
1.210000000000000000e+02
5.400000000000000000e+01
5.400000000000000000e+01
5.200000000000000000e+01
1.060000000000000000e+02
9.800000000000000000e+01
6.100000000000000000e+01
1.060000000000000000e+02
9.800000000000000000e+01
9.800000000000000000e+01
5.200000000000000000e+01
1.030000000000000000e+02
1.120000000000000000e+02
9.800000000000000000e+01
5.300000000000000000e+01
6.100000000000000000e+01
1.030000000000000000e+02
5.400000000000000000e+01
6.100000000000000000e+01
1.180000000000000000e+02
1.030000000000000000e+02
5.200000000000000000e+01
1.060000000000000000e+02
5.300000000000000000e+01
5.400000000000000000e+01
5.400000000000000000e+01
5.400000000000000000e+01
1.120000000000000000e+02
5.400000000000000000e+01
1.120000000000000000e+02
6.100000000000000000e+01
1.030000000000000000e+02
4.900000000000000000e+01
1.120000000000000000e+02
1.300000000000000000e+01
6.100000000000000000e+01
1.030000000000000000e+02
1.060000000000000000e+02
5.400000000000000000e+01
1.120000000000000000e+02
5.400000000000000000e+01
6.100000000000000000e+01
1.090000000000000000e+02
5.500000000000000000e+01
1.120000000000000000e+02
5.500000000000000000e+01
9.800000000000000000e+01
5.200000000000000000e+01
1.180000000000000000e+02
1.210000000000000000e+02
1.090000000000000000e+02
6.100000000000000000e+01
5.200000000000000000e+01
1.120000000000000000e+02
5.600000000000000000e+01
1.210000000000000000e+02
9.800000000000000000e+01
1.210000000000000000e+02
5.200000000000000000e+01
5.400000000000000000e+01
5.200000000000000000e+01
1.060000000000000000e+02
1.120000000000000000e+02
5.400000000000000000e+01
1.030000000000000000e+02
5.200000000000000000e+01
1.060000000000000000e+02
1.120000000000000000e+02
1.090000000000000000e+02
1.120000000000000000e+02
1.180000000000000000e+02
5.300000000000000000e+01
1.210000000000000000e+02
1.120000000000000000e+02
5.200000000000000000e+01
1.120000000000000000e+02
1.140000000000000000e+02
9.700000000000000000e+01
5.400000000000000000e+01
1.030000000000000000e+02
1.060000000000000000e+02
5.200000000000000000e+01
1.180000000000000000e+02
1.120000000000000000e+02
9.800000000000000000e+01
1.120000000000000000e+02
5.100000000000000000e+01
1.090000000000000000e+02
1.100000000000000000e+02
1.110000000000000000e+02
1.120000000000000000e+02
1.090000000000000000e+02
9.700000000000000000e+01
5.300000000000000000e+01
5.300000000000000000e+01
9.700000000000000000e+01
1.120000000000000000e+02
1.120000000000000000e+02
1.210000000000000000e+02
1.120000000000000000e+02
1.060000000000000000e+02
5.200000000000000000e+01
1.120000000000000000e+02
5.400000000000000000e+01
1.120000000000000000e+02
5.200000000000000000e+01
5.200000000000000000e+01
1.180000000000000000e+02
1.030000000000000000e+02
1.170000000000000000e+02
9.800000000000000000e+01
1.180000000000000000e+02
5.600000000000000000e+01
1.150000000000000000e+02
9.800000000000000000e+01
1.210000000000000000e+02
