1.060000000000000000e+02
9.700000000000000000e+01
1.060000000000000000e+02
9.700000000000000000e+01
1.060000000000000000e+02
1.110000000000000000e+02
1.060000000000000000e+02
1.110000000000000000e+02
9.700000000000000000e+01
1.100000000000000000e+02
1.160000000000000000e+02
9.700000000000000000e+01
1.080000000000000000e+02
1.050000000000000000e+02
1.100000000000000000e+02
1.110000000000000000e+02
1.150000000000000000e+02
1.150000000000000000e+02
1.050000000000000000e+02
1.150000000000000000e+02
1.070000000000000000e+02
5.600000000000000000e+01
1.100000000000000000e+02
1.160000000000000000e+02
7.400000000000000000e+01
1.110000000000000000e+02
1.100000000000000000e+02
9.700000000000000000e+01
1.150000000000000000e+02
