1.140000000000000000e+02
7.000000000000000000e+01
1.170000000000000000e+02
7.000000000000000000e+01
1.140000000000000000e+02
7.000000000000000000e+01
1.050000000000000000e+02
7.000000000000000000e+01
9.700000000000000000e+01
7.000000000000000000e+01
1.140000000000000000e+02
7.000000000000000000e+01
1.140000000000000000e+02
7.000000000000000000e+01
5.200000000000000000e+01
7.000000000000000000e+01
1.110000000000000000e+02
7.000000000000000000e+01
9.700000000000000000e+01
7.000000000000000000e+01
1.140000000000000000e+02
1.170000000000000000e+02
7.000000000000000000e+01
1.170000000000000000e+02
7.000000000000000000e+01
1.170000000000000000e+02
7.000000000000000000e+01
1.170000000000000000e+02
7.000000000000000000e+01
5.200000000000000000e+01
7.000000000000000000e+01
1.110000000000000000e+02
7.000000000000000000e+01
1.010000000000000000e+02
7.000000000000000000e+01
1.170000000000000000e+02
7.000000000000000000e+01
1.170000000000000000e+02
7.000000000000000000e+01
9.700000000000000000e+01
7.000000000000000000e+01
1.170000000000000000e+02
7.000000000000000000e+01
9.700000000000000000e+01
7.000000000000000000e+01
9.700000000000000000e+01
7.000000000000000000e+01
1.110000000000000000e+02
7.100000000000000000e+01
1.170000000000000000e+02
7.000000000000000000e+01
1.050000000000000000e+02
7.000000000000000000e+01
1.050000000000000000e+02
7.000000000000000000e+01
1.010000000000000000e+02
7.000000000000000000e+01
1.010000000000000000e+02
7.000000000000000000e+01
1.050000000000000000e+02
7.000000000000000000e+01
9.700000000000000000e+01
7.000000000000000000e+01
1.010000000000000000e+02
7.000000000000000000e+01
9.700000000000000000e+01
1.050000000000000000e+02
1.080000000000000000e+02
9.700000000000000000e+01
1.150000000000000000e+02
7.000000000000000000e+01
1.010000000000000000e+02
7.000000000000000000e+01
1.010000000000000000e+02
7.000000000000000000e+01
9.700000000000000000e+01
7.000000000000000000e+01
9.700000000000000000e+01
1.020000000000000000e+02
1.010000000000000000e+02
7.000000000000000000e+01
1.010000000000000000e+02
7.000000000000000000e+01
1.010000000000000000e+02
7.000000000000000000e+01
1.010000000000000000e+02
7.000000000000000000e+01
1.010000000000000000e+02
7.000000000000000000e+01
1.050000000000000000e+02
6.900000000000000000e+01
6.900000000000000000e+01
1.150000000000000000e+02
1.050000000000000000e+02
6.900000000000000000e+01
6.900000000000000000e+01
6.900000000000000000e+01
7.600000000000000000e+01
1.100000000000000000e+02
1.050000000000000000e+02
9.700000000000000000e+01
6.900000000000000000e+01
6.900000000000000000e+01
6.900000000000000000e+01
6.900000000000000000e+01
6.900000000000000000e+01
6.900000000000000000e+01
6.900000000000000000e+01
6.900000000000000000e+01
7.000000000000000000e+01
9.700000000000000000e+01
1.050000000000000000e+02
1.080000000000000000e+02
9.700000000000000000e+01
1.150000000000000000e+02
7.000000000000000000e+01
9.700000000000000000e+01
1.080000000000000000e+02
1.170000000000000000e+02
1.080000000000000000e+02
9.700000000000000000e+01
